% mark mckelvy
% cmps352 - final
% december 8, 2006

x

x =

    -1     0     2

y

y =

     1     4    -1

[min,max,a] = newtonlike(x,y)

min =

    -1


max =

     2


a =

    1.0000    3.0000   -2.5000

diary off
