>> secant2(3, 5, 2)

b =

    0.2679


b =

    2.3111


b =

    1.7029


b =

    2.0035


b =

    1.9741


b =

    1.9956


b =

    2.0107


b =

    2.0015


b =

    1.9960


b =

    1.9994


b =

    2.0015


b =

    2.0002


b =

    1.9994


b =

    1.9999


b =

    2.0002


b =

    2.0000


b =

    1.9999


b =

    2.0000

.....

"b = 2.0000" is repeated a lot of times

.....


b =

    2.0000


b =

     2


b =

     2

>> 