>> A = magic(5)

A =

    17    24     1     8    15
    23     5     7    14    16
     4     6    13    20    22
    10    12    19    21     3
    11    18    25     2     9

>> b = round(rand(5,2)*10)

b =

     0     4
     7     8
     4     5
     9     2
     5     7

>> Gauss(A, b)

A =

    17    24     1     8    15
    23     5     7    14    16
     4     6    13    20    22
    10    12    19    21     3
    11    18    25     2     9


b =

     0     4
     7     8
     4     5
     9     2
     5     7


A =

   17.0000   24.0000    1.0000    8.0000   15.0000
         0  -27.4706    5.6471    3.1765   -4.2941
         0    0.3529   12.7647   18.1176   18.4706
         0   -2.1176   18.4118   16.2941   -5.8235
         0    2.4706   24.3529   -3.1765   -0.7059


b =

         0    4.0000
    7.0000    2.5882
    4.0000    4.0588
    9.0000   -0.3529
    5.0000    4.4118


A =

   17.0000   24.0000    1.0000    8.0000   15.0000
         0  -27.4706    5.6471    3.1765   -4.2941
         0         0   12.8373   18.1585   18.4154
         0         0   17.9764   16.0493   -5.4925
         0         0   24.8608   -2.8908   -1.0921


b =

         0    4.0000
    7.0000    2.5882
    4.0899    4.0921
    8.4604   -0.5525
    5.6296    4.6445


A =

   17.0000   24.0000    1.0000    8.0000   15.0000
         0  -27.4706    5.6471    3.1765   -4.2941
         0         0   12.8373   18.1585   18.4154
         0         0         0   -9.3786  -31.2802
         0         0         0  -38.0567  -36.7556


b =

         0    4.0000
    7.0000    2.5882
    4.0899    4.0921
    2.7331   -6.2827
   -2.2911   -3.2802


A =

   17.0000   24.0000    1.0000    8.0000   15.0000
         0  -27.4706    5.6471    3.1765   -4.2941
         0         0   12.8373   18.1585   18.4154
         0         0         0   -9.3786  -31.2802
         0         0         0         0   90.1734


b =

         0    4.0000
    7.0000    2.5882
    4.0899    4.0921
    2.7331   -6.2827
  -13.3815   22.2139


ans =

     0     0
     0     0
     0     0
     0     0
     0     0

>> 